L 16
P 3
13.36207 6.362073
10.875359 8.848784
6.362071 13.362073
P 4
20.458622 5.0586205
17.48305 8.034195
10.151222 15.36602
5.0586214 20.458622
P 5
24.755177 6.5551753
24.090738 7.219615
16.75891 14.551442
9.427085 21.883266
6.5551744 24.755177
P 5
29.051723 8.051724
23.3666 13.736848
16.034773 21.068676
8.702948 28.400501
8.051724 29.051723
P 5
31.948273 10.948275
29.974287 12.922258
22.642462 20.254086
15.310635 27.585913
10.948275 31.948273
P 4
33.444824 15.244825
29.25015 19.439499
21.918325 26.771324
15.244824 33.444824
P 4
34.941383 19.541382
28.526012 25.956755
21.194185 33.28858
19.541382 34.941383
P 3
33.637924 26.637928
27.801876 32.47398
26.637928 33.637928
P 3
33.637928 13.362067
30.29667 10.020808
26.637932 6.3620663
P 4
34.941387 20.45862
29.717365 15.234595
23.851902 9.369134
19.541386 5.0586176
P 5
33.44483 24.755173
29.13805 20.448393
23.27259 14.58293
17.407131 8.717468
15.244832 6.555169
P 6
31.948277 29.051722
28.55874 25.662186
22.693281 19.796726
16.827818 13.931259
10.962359 8.065799
10.94828 8.05172
P 6
29.051731 31.94827
27.979431 30.875973
22.113972 25.01051
16.248508 19.145044
10.383049 13.279583
8.051735 10.948269
P 5
24.755178 33.44482
21.53466 30.224302
15.669199 24.35884
9.803738 18.493378
6.55518 15.24482
P 4
20.458628 34.941383
15.089889 29.572643
9.224426 23.707178
5.058628 19.541378
P 3
13.362078 33.637924
8.645117 28.920963
6.3620777 26.637924
