L 1
P 85
16.0 5.0
15.0 6.0
14.0 6.0
13.0 6.0
12.0 7.0
11.0 8.0
10.0 8.0
9.0 9.0
8.0 10.0
8.0 11.0
7.0 12.0
6.0 13.0
6.0 14.0
6.0 15.0
5.0 16.0
5.0 17.0
5.0 18.0
5.0 19.0
5.0 20.0
5.0 21.0
5.0 22.0
5.0 23.0
6.0 24.0
6.0 25.0
6.0 26.0
7.0 27.0
8.0 28.0
8.0 29.0
9.0 30.0
10.0 31.0
11.0 31.0
12.0 32.0
13.0 33.0
14.0 33.0
15.0 33.0
16.0 34.0
17.0 34.0
18.0 34.0
19.0 34.0
20.0 34.0
21.0 34.0
22.0 34.0
23.0 34.0
24.0 33.0
25.0 33.0
26.0 33.0
27.0 32.0
28.0 31.0
29.0 31.0
30.0 30.0
31.0 29.0
31.0 28.0
32.0 27.0
33.0 26.0
33.0 25.0
33.0 24.0
34.0 23.0
34.0 22.0
34.0 21.0
34.0 20.0
34.0 19.0
34.0 18.0
34.0 17.0
34.0 16.0
33.0 15.0
33.0 14.0
33.0 13.0
32.0 12.0
31.0 11.0
31.0 10.0
30.0 9.0
29.0 8.0
28.0 8.0
27.0 7.0
26.0 6.0
25.0 6.0
24.0 6.0
23.0 5.0
22.0 5.0
21.0 5.0
20.0 5.0
19.0 5.0
18.0 5.0
17.0 5.0
16.0 5.0
