L 19
P 2
14.792386 10.000001
9.999998 25.492485
P 2
20.193743 10.0
10.000002 42.953583
P 2
25.595093 10.000002
10.0 60.414692
P 2
30.996449 10.0
9.999999 77.87579
P 2
36.397804 9.999997
11.650894 90.0
P 2
41.799156 9.999999
17.052254 89.99999
P 2
47.200512 9.999998
22.453606 89.99999
P 2
52.601864 10.0
27.85496 89.99999
P 2
58.003216 10.0
33.25631 90.00001
P 2
63.404568 10.0
38.657665 90.00001
P 2
68.80594 10.0
53.33911 60.0
P 2
50.0 70.79446
44.059025 90.0
P 2
74.207275 10.0
58.74046 59.999996
P 2
50.0 88.25552
49.46037 90.00001
P 2
79.608635 10.000001
64.141815 59.999996
P 2
85.00999 10.0
69.54317 60.0
P 2
90.0 11.329753
74.94453 60.0
P 2
90.0 28.790861
80.34588 59.999996
P 2
90.0 46.25196
85.74723 60.0
