L 27
P 2
11.60136 9.999998
10.0 11.60136
P 2
17.439356 10.0
10.000002 17.439356
P 2
23.277357 10.0
10.000006 23.277351
P 2
29.115356 9.999998
10.000002 29.115353
P 2
34.95335 10.000001
10.000001 34.953354
P 2
40.79135 9.999999
9.999999 40.791355
P 2
46.629353 9.999998
10.000005 46.629345
P 2
52.467346 9.999999
9.999993 52.467358
P 2
58.305355 9.999998
10.000003 58.305344
P 2
64.14334 10.0
9.999994 64.14335
P 2
69.981346 9.999999
9.999998 69.981346
P 2
75.819336 10.0
9.999994 75.81935
P 2
81.65734 10.0
10.000006 81.65734
P 2
87.49533 10.0
9.999994 87.49534
P 2
90.00001 13.333336
13.333339 89.99999
P 2
90.0 19.171337
19.171343 90.0
P 2
90.0 25.009327
55.00933 59.999996
P 2
50.0 65.00932
25.009329 89.99999
P 2
90.0 30.84734
60.847343 59.999996
P 2
50.0 70.847336
30.847336 90.00001
P 2
90.0 36.68533
66.685326 60.0
P 2
50.000004 76.68532
36.685326 90.0
P 2
90.0 42.52333
72.52333 60.0
P 2
50.000004 82.52333
42.52333 90.0
P 2
90.0 48.361313
78.36131 60.000004
P 2
50.0 88.36131
48.361313 90.00001
P 2
90.0 54.19933
84.19933 60.0
