L 82
P 2
15.0 -5.0
15.0 9.0
P 14
15.0 -2.0
13.0 -4.0
11.0 -5.0
8.0 -5.0
6.0 -4.0
4.0 -2.0
3.0 1.0
3.0 3.0
4.0 6.0
6.0 8.0
8.0 9.0
11.0 9.0
13.0 8.0
15.0 6.0
P 2
23.0 -12.0
23.0 9.0
P 14
23.0 -2.0
25.0 -4.0
27.0 -5.0
30.0 -5.0
32.0 -4.0
34.0 -2.0
35.0 1.0
35.0 3.0
34.0 6.0
32.0 8.0
30.0 9.0
27.0 9.0
25.0 8.0
23.0 6.0
P 14
53.0 -2.0
51.0 -4.0
49.0 -5.0
46.0 -5.0
44.0 -4.0
42.0 -2.0
41.0 1.0
41.0 3.0
42.0 6.0
44.0 8.0
46.0 9.0
49.0 9.0
51.0 8.0
53.0 6.0
P 2
59.0 -5.0
70.0 9.0
P 2
70.0 -5.0
59.0 9.0
P 2
75.0 -5.0
81.0 9.0
P 6
87.0 -5.0
81.0 9.0
79.0 13.0
77.0 15.0
75.0 16.0
74.0 16.0
P 2
103.0 -5.0
92.0 9.0
P 2
92.0 -5.0
103.0 -5.0
P 2
92.0 9.0
103.0 9.0
P 0
P 17
131.0 -12.0
128.0 -11.0
126.0 -8.0
125.0 -3.0
125.0 0.0
126.0 5.0
128.0 8.0
131.0 9.0
133.0 9.0
136.0 8.0
138.0 5.0
139.0 0.0
139.0 -3.0
138.0 -8.0
136.0 -11.0
133.0 -12.0
131.0 -12.0
P 4
148.0 -8.0
150.0 -9.0
153.0 -12.0
153.0 9.0
P 14
166.0 -7.0
166.0 -8.0
167.0 -10.0
168.0 -11.0
170.0 -12.0
174.0 -12.0
176.0 -11.0
177.0 -10.0
178.0 -8.0
178.0 -6.0
177.0 -4.0
175.0 -1.0
165.0 9.0
179.0 9.0
P 15
187.0 -12.0
198.0 -12.0
192.0 -4.0
195.0 -4.0
197.0 -3.0
198.0 -2.0
199.0 1.0
199.0 3.0
198.0 6.0
196.0 8.0
193.0 9.0
190.0 9.0
187.0 8.0
186.0 7.0
185.0 5.0
P 3
215.0 -12.0
205.0 2.0
220.0 2.0
P 2
215.0 -12.0
215.0 9.0
P 17
237.0 -12.0
227.0 -12.0
226.0 -3.0
227.0 -4.0
230.0 -5.0
233.0 -5.0
236.0 -4.0
238.0 -2.0
239.0 1.0
239.0 3.0
238.0 6.0
236.0 8.0
233.0 9.0
230.0 9.0
227.0 8.0
226.0 7.0
225.0 5.0
P 23
258.0 -9.0
257.0 -11.0
254.0 -12.0
252.0 -12.0
249.0 -11.0
247.0 -8.0
246.0 -3.0
246.0 2.0
247.0 6.0
249.0 8.0
252.0 9.0
253.0 9.0
256.0 8.0
258.0 6.0
259.0 3.0
259.0 2.0
258.0 -1.0
256.0 -3.0
253.0 -4.0
252.0 -4.0
249.0 -3.0
247.0 -1.0
246.0 2.0
P 2
279.0 -12.0
269.0 9.0
P 2
265.0 -12.0
279.0 -12.0
P 29
290.0 -12.0
287.0 -11.0
286.0 -9.0
286.0 -7.0
287.0 -5.0
289.0 -4.0
293.0 -3.0
296.0 -2.0
298.0 0.0
299.0 2.0
299.0 5.0
298.0 7.0
297.0 8.0
294.0 9.0
290.0 9.0
287.0 8.0
286.0 7.0
285.0 5.0
285.0 2.0
286.0 0.0
288.0 -2.0
291.0 -3.0
295.0 -4.0
297.0 -5.0
298.0 -7.0
298.0 -9.0
297.0 -11.0
294.0 -12.0
290.0 -12.0
P 23
318.0 -5.0
317.0 -2.0
315.0 0.0
312.0 1.0
311.0 1.0
308.0 0.0
306.0 -2.0
305.0 -5.0
305.0 -6.0
306.0 -9.0
308.0 -11.0
311.0 -12.0
312.0 -12.0
315.0 -11.0
317.0 -9.0
318.0 -5.0
318.0 0.0
317.0 5.0
315.0 8.0
312.0 9.0
310.0 9.0
307.0 8.0
306.0 6.0
P 0
P 2
343.0 -12.0
343.0 2.0
P 5
343.0 7.0
342.0 8.0
343.0 9.0
344.0 8.0
343.0 7.0
P 14
351.0 -7.0
351.0 -8.0
352.0 -10.0
353.0 -11.0
355.0 -12.0
359.0 -12.0
361.0 -11.0
362.0 -10.0
363.0 -8.0
363.0 -6.0
362.0 -4.0
361.0 -3.0
357.0 -1.0
357.0 2.0
P 5
357.0 7.0
356.0 8.0
357.0 9.0
358.0 8.0
357.0 7.0
P 5
371.0 7.0
370.0 8.0
371.0 9.0
372.0 8.0
371.0 7.0
P 8
382.0 8.0
381.0 9.0
380.0 8.0
381.0 7.0
382.0 8.0
382.0 10.0
381.0 12.0
380.0 13.0
P 5
391.0 -5.0
390.0 -4.0
391.0 -3.0
392.0 -4.0
391.0 -5.0
P 8
392.0 8.0
391.0 9.0
390.0 8.0
391.0 7.0
392.0 8.0
392.0 10.0
391.0 12.0
390.0 13.0
P 5
401.0 -5.0
400.0 -4.0
401.0 -3.0
402.0 -4.0
401.0 -5.0
P 5
401.0 7.0
400.0 8.0
401.0 9.0
402.0 8.0
401.0 7.0
P 10
417.0 -16.0
415.0 -14.0
413.0 -11.0
411.0 -7.0
410.0 -2.0
410.0 2.0
411.0 7.0
413.0 11.0
415.0 14.0
417.0 16.0
P 10
423.0 -16.0
425.0 -14.0
427.0 -11.0
429.0 -7.0
430.0 -2.0
430.0 2.0
429.0 7.0
427.0 11.0
425.0 14.0
423.0 16.0
P 2
438.0 -16.0
438.0 16.0
P 2
439.0 -16.0
439.0 16.0
P 2
438.0 -16.0
445.0 -16.0
P 2
438.0 16.0
445.0 16.0
P 2
457.0 -16.0
457.0 16.0
P 2
458.0 -16.0
458.0 16.0
P 2
451.0 -16.0
458.0 -16.0
P 2
451.0 16.0
458.0 16.0
P 10
471.0 -16.0
469.0 -15.0
468.0 -14.0
467.0 -12.0
467.0 -10.0
468.0 -8.0
469.0 -7.0
470.0 -5.0
470.0 -3.0
468.0 -1.0
P 17
469.0 -15.0
468.0 -13.0
468.0 -11.0
469.0 -9.0
470.0 -8.0
471.0 -6.0
471.0 -4.0
470.0 -2.0
466.0 0.0
470.0 2.0
471.0 4.0
471.0 6.0
470.0 8.0
469.0 9.0
468.0 11.0
468.0 13.0
469.0 15.0
P 10
468.0 1.0
470.0 3.0
470.0 5.0
469.0 7.0
468.0 8.0
467.0 10.0
467.0 12.0
468.0 14.0
469.0 15.0
471.0 16.0
P 10
481.0 -16.0
483.0 -15.0
484.0 -14.0
485.0 -12.0
485.0 -10.0
484.0 -8.0
483.0 -7.0
482.0 -5.0
482.0 -3.0
484.0 -1.0
P 17
483.0 -15.0
484.0 -13.0
484.0 -11.0
483.0 -9.0
482.0 -8.0
481.0 -6.0
481.0 -4.0
482.0 -2.0
486.0 0.0
482.0 2.0
481.0 4.0
481.0 6.0
482.0 8.0
483.0 9.0
484.0 11.0
484.0 13.0
483.0 15.0
P 10
484.0 1.0
482.0 3.0
482.0 5.0
483.0 7.0
484.0 8.0
485.0 10.0
485.0 12.0
484.0 14.0
483.0 15.0
481.0 16.0
P 3
510.0 -9.0
494.0 0.0
510.0 9.0
P 3
518.0 -9.0
534.0 0.0
518.0 9.0
P 2
542.0 -3.0
560.0 -3.0
P 2
542.0 3.0
560.0 3.0
P 2
577.0 -9.0
577.0 9.0
P 2
568.0 0.0
586.0 0.0
P 2
594.0 0.0
612.0 0.0
P 2
624.0 -12.0
624.0 0.0
P 2
619.0 -9.0
629.0 -3.0
P 2
629.0 -9.0
619.0 -3.0
P 2
652.0 -16.0
634.0 16.0
P 2
654.0 11.0
670.0 11.0
P 2
674.0 -12.0
674.0 -5.0
P 2
682.0 -12.0
682.0 -5.0
P 7
691.0 -10.0
690.0 -11.0
691.0 -12.0
692.0 -11.0
692.0 -9.0
691.0 -7.0
690.0 -6.0
P 2
707.0 -16.0
700.0 16.0
P 2
713.0 -16.0
706.0 16.0
P 2
700.0 -3.0
714.0 -3.0
P 2
699.0 3.0
713.0 3.0
P 13
735.0 -4.0
734.0 -6.0
732.0 -7.0
729.0 -7.0
727.0 -6.0
726.0 -5.0
725.0 -2.0
725.0 1.0
726.0 3.0
728.0 4.0
731.0 4.0
733.0 3.0
734.0 1.0
P 6
729.0 -7.0
727.0 -5.0
726.0 -2.0
726.0 1.0
727.0 3.0
728.0 4.0
P 29
735.0 -7.0
734.0 1.0
734.0 3.0
736.0 4.0
738.0 4.0
740.0 2.0
741.0 -1.0
741.0 -3.0
740.0 -6.0
739.0 -8.0
737.0 -10.0
735.0 -11.0
732.0 -12.0
729.0 -12.0
726.0 -11.0
724.0 -10.0
722.0 -8.0
721.0 -6.0
720.0 -3.0
720.0 0.0
721.0 3.0
722.0 5.0
724.0 7.0
726.0 8.0
729.0 9.0
732.0 9.0
735.0 8.0
737.0 7.0
738.0 6.0
P 4
736.0 -7.0
735.0 1.0
735.0 3.0
736.0 4.0
P 2
765.0 -12.0
747.0 9.0
P 16
752.0 -12.0
754.0 -10.0
754.0 -8.0
753.0 -6.0
751.0 -5.0
749.0 -5.0
747.0 -7.0
747.0 -9.0
748.0 -11.0
750.0 -12.0
752.0 -12.0
754.0 -11.0
757.0 -10.0
760.0 -10.0
763.0 -11.0
765.0 -12.0
P 11
761.0 2.0
759.0 3.0
758.0 5.0
758.0 7.0
760.0 9.0
762.0 9.0
764.0 8.0
765.0 6.0
765.0 4.0
763.0 2.0
761.0 2.0
P 34
791.0 -3.0
791.0 -4.0
790.0 -5.0
789.0 -5.0
788.0 -4.0
787.0 -2.0
785.0 3.0
783.0 6.0
781.0 8.0
779.0 9.0
775.0 9.0
773.0 8.0
772.0 7.0
771.0 5.0
771.0 3.0
772.0 1.0
773.0 0.0
780.0 -4.0
781.0 -5.0
782.0 -7.0
782.0 -9.0
781.0 -11.0
779.0 -12.0
777.0 -11.0
776.0 -9.0
776.0 -7.0
777.0 -4.0
779.0 -1.0
784.0 6.0
786.0 8.0
788.0 9.0
790.0 9.0
791.0 8.0
791.0 7.0
P 2
802.0 -16.0
802.0 13.0
P 2
806.0 -16.0
806.0 13.0
P 20
811.0 -9.0
809.0 -11.0
806.0 -12.0
802.0 -12.0
799.0 -11.0
797.0 -9.0
797.0 -7.0
798.0 -5.0
799.0 -4.0
801.0 -3.0
807.0 -1.0
809.0 0.0
810.0 1.0
811.0 3.0
811.0 6.0
809.0 8.0
806.0 9.0
802.0 9.0
799.0 8.0
797.0 6.0
