L 9
P 2
14.0 8.0
14.0 29.0
P 2
28.0 8.0
28.0 29.0
P 2
14.0 18.0
28.0 18.0
P 17
35.0 21.0
47.0 21.0
47.0 19.0
46.0 17.0
45.0 16.0
43.0 15.0
40.0 15.0
38.0 16.0
36.0 18.0
35.0 21.0
35.0 23.0
36.0 26.0
38.0 28.0
40.0 29.0
43.0 29.0
45.0 28.0
47.0 26.0
P 2
54.0 8.0
54.0 29.0
P 2
62.0 8.0
62.0 29.0
P 17
74.0 15.0
72.0 16.0
70.0 18.0
69.0 21.0
69.0 23.0
70.0 26.0
72.0 28.0
74.0 29.0
77.0 29.0
79.0 28.0
81.0 26.0
82.0 23.0
82.0 21.0
81.0 18.0
79.0 16.0
77.0 15.0
74.0 15.0
P 2
90.0 8.0
90.0 22.0
P 5
90.0 27.0
89.0 28.0
90.0 29.0
91.0 28.0
90.0 27.0
