L 32
P 2
11.019463 10.000015
9.999992 13.295685
P 2
15.21999 10.0
10.000004 26.874786
P 2
19.420513 9.999985
10.0 40.45395
P 2
23.62101 10.0000305
10.000004 54.033035
P 2
27.821537 10.0
10.000004 67.61215
P 2
32.022045 10.0000305
10.0 81.1913
P 2
36.222588 9.9999695
11.475674 90.0
P 2
40.423088 10.000015
15.676186 90.0
P 2
44.62362 9.9999695
19.876698 90.00003
P 2
48.824123 10.0
24.07721 90.00003
P 2
53.02464 10.0
28.277737 90.0
P 2
57.225174 9.999985
32.47826 90.000015
P 2
61.425682 10.000015
58.33232 20.0
P 2
55.000008 30.772491
36.678776 90.00002
P 2
65.626205 9.999985
62.53283 20.000015
P 2
56.346107 40.0
50.15939 59.999977
P 2
50.0 60.51526
40.8793 89.99999
P 2
69.82672 10.0
66.73335 20.000015
P 2
60.54663 40.0
54.359894 60.00003
P 2
49.999992 74.09441
45.07981 90.0
P 2
74.027214 10.0
70.93386 20.0
P 2
64.74715 39.99997
58.560402 60.000008
P 2
49.99999 87.67346
49.280308 90.00002
P 2
78.22775 10.0
75.00001 20.434448
P 2
68.94767 40.0
62.760937 60.000015
P 2
82.42827 10.0
75.0 34.013596
P 2
73.148186 39.999985
66.96146 60.0
P 2
86.628784 10.0
71.16197 60.0
P 2
89.99999 12.680954
75.362495 59.999992
P 2
90.000015 26.260056
79.56302 60.000015
P 2
90.0 39.839165
83.76351 60.000023
P 2
90.000015 53.418274
87.964035 60.000023
